1900:8:30:29,30,29,29,30,29,30,30,29,30,30,29,30
1901:0:414:29,30,29,29,30,29,30,29,30,30,30,29
1902:0:768:30,29,30,29,29,30,29,30,29,30,30,30
1903:5:1123:29,30,29,30,29,29,30,29,29,30,30,29,30
1904:0:1506:30,30,29,30,29,29,30,29,29,30,30,29
1905:0:1860:30,30,29,30,30,29,29,30,29,30,29,30
1906:4:2215:29,30,30,29,30,29,30,29,30,29,30,29,30
1907:0:2599:29,30,29,30,29,30,30,29,30,29,30,29
1908:0:2953:30,29,29,30,30,29,30,29,30,30,29,30
1909:2:3308:29,30,29,29,30,29,30,29,30,30,30,29,30
1910:0:3692:29,30,29,29,30,29,30,29,30,30,30,29
1911:6:4046:30,29,30,29,29,30,29,29,30,30,29,30,30
1912:0:4430:30,29,30,29,29,30,29,29,30,30,29,30
1913:0:4784:30,30,29,30,29,29,30,29,29,30,29,30
1914:5:5138:30,30,29,30,30,29,29,30,29,30,29,29,30
1915:0:5522:30,29,30,30,29,30,29,30,29,30,29,30
1916:0:5877:29,30,29,30,29,30,30,29,30,29,30,29
1917:2:6231:30,29,29,30,29,30,30,29,30,30,29,30,29
1918:0:6615:30,29,29,30,29,30,29,30,30,30,29,30
1919:7:6970:29,30,29,29,30,29,30,29,30,30,29,30,30
1920:0:7354:29,30,29,29,30,29,29,30,30,29,30,30
1921:0:7708:30,29,30,29,29,30,29,29,30,29,30,30
1922:5:8062:30,29,30,30,29,29,30,29,29,30,29,30,30
1923:0:8446:29,30,30,29,30,29,30,29,30,29,29,30
1924:0:8800:30,29,30,29,30,30,29,30,29,30,29,29
1925:4:9154:30,29,30,30,29,30,29,30,30,29,30,29,30
1926:0:9539:29,29,30,29,30,29,30,30,29,30,30,29
1927:0:9893:30,29,29,30,29,30,29,30,30,29,30,30
1928:2:10248:29,30,29,29,30,29,29,30,30,29,30,30,30
1929:0:10632:29,30,29,29,30,29,29,30,29,30,30,30
1930:6:10986:29,30,30,29,29,30,29,29,30,29,30,30,29
1931:0:11369:30,30,30,29,29,30,29,29,30,29,30,29
1932:0:11723:30,30,30,29,30,29,30,29,29,30,29,30
1933:5:12078:29,30,30,29,30,30,29,30,29,30,29,29,30
1934:0:12462:29,30,29,30,30,29,30,30,29,30,29,30
1935:0:12817:29,29,30,29,30,29,30,30,29,30,30,29
1936:3:13171:30,29,29,30,29,30,29,30,29,30,30,30,29
1937:0:13555:30,29,29,30,29,29,30,29,30,30,30,29
1938:7:13909:30,30,29,29,30,29,29,30,29,30,30,29,30
1939:0:14293:30,30,29,29,30,29,29,30,29,30,29,30
1940:0:14647:30,30,29,30,29,30,29,29,30,29,30,29
1941:6:15001:30,30,29,30,30,29,30,29,29,30,29,30,29
1942:0:15385:30,29,30,30,29,30,30,29,30,29,29,30
1943:0:15740:29,30,29,30,29,30,30,29,30,30,29,30
1944:4:16095:29,29,30,29,30,29,30,29,30,30,29,30,30
1945:0:16479:29,29,30,29,29,30,29,30,30,30,29,30
1946:0:16833:30,29,29,30,29,29,30,29,30,30,29,30
1947:2:17187:30,30,29,29,30,29,29,30,29,30,29,30,30
1948:0:17571:30,29,30,29,30,29,29,30,29,30,29,30
1949:7:17925:30,30,29,30,29,30,29,29,30,29,30,29,30
1950:0:18309:30,29,30,30,29,30,29,29,30,29,30,29
1951:0:18663:30,29,30,30,29,30,29,30,29,30,29,30
1952:5:19018:29,30,29,30,29,30,30,29,30,29,30,29,30
1953:0:19402:29,30,29,29,30,30,29,30,30,29,30,30
1954:0:19757:29,29,30,29,29,30,29,30,30,29,30,30
1955:3:20111:30,29,29,30,29,29,30,29,30,29,30,30,30
1956:0:20495:29,30,29,30,29,29,30,29,30,29,30,30
1957:8:20849:30,29,30,29,30,29,29,30,29,30,29,30,30
1958:0:21233:29,30,30,29,30,29,29,30,29,30,29,30
1959:0:21587:29,30,30,29,30,29,30,29,30,29,30,29
1960:6:21941:30,29,30,29,30,30,29,30,29,30,29,30,29
1961:0:22325:30,29,30,29,30,29,30,30,29,30,29,30
1962:0:22680:29,30,29,29,30,29,30,30,29,30,30,29
1963:4:23034:30,29,30,29,29,30,29,30,29,30,30,30,29
1964:0:23418:30,29,30,29,29,30,29,30,29,30,30,30
1965:0:23773:29,30,29,30,29,29,30,29,29,30,30,30
1966:3:24127:29,30,30,29,30,29,29,30,29,29,30,30,29
1967:0:24510:30,30,29,30,30,29,29,30,29,30,29,30
1968:7:24865:29,30,30,29,30,29,30,29,30,29,30,29,30
1969:0:25249:29,30,29,30,29,30,30,29,30,29,30,29
1970:0:25603:30,29,29,30,30,29,30,29,30,30,29,30
1971:5:25958:29,30,29,29,30,29,30,29,30,30,30,29,30
1972:0:26342:29,30,29,29,30,29,30,29,30,30,30,29
1973:0:26696:30,29,30,29,29,30,29,29,30,30,30,29
1974:4:27050:30,30,29,30,29,29,30,29,29,30,30,29,30
1975:0:27434:30,30,29,30,29,29,30,29,29,30,29,30
1976:8:27788:30,30,29,30,29,30,29,30,29,30,29,29,30
1977:0:28172:30,29,30,30,29,30,29,30,29,30,29,29
1978:0:28526:30,30,29,30,29,30,30,29,30,29,30,29
1979:6:28881:30,29,29,30,29,30,30,29,30,30,29,30,29
1980:0:29265:30,29,29,30,29,30,29,30,30,29,30,30
1981:0:29620:29,30,29,29,30,29,29,30,30,29,30,30
1982:4:29974:30,29,30,29,29,30,29,29,30,30,29,30,30
1983:0:30358:30,29,30,29,29,30,29,29,30,29,30,30
1984:10:30712:30,29,30,30,29,29,30,29,29,30,29,30,30
1985:0:31096:29,30,30,29,30,29,30,29,29,30,29,30
1986:0:31450:29,30,30,29,30,30,29,30,29,30,29,29
1987:6:31804:30,29,30,30,29,30,29,30,30,29,30,29,30
1988:0:32189:29,29,30,29,30,29,30,30,29,30,30,29
1989:0:32543:30,29,29,30,29,30,29,30,30,29,30,30
1990:5:32898:29,30,29,29,30,29,29,30,30,29,30,30,30
1991:0:33282:29,30,29,29,30,29,29,30,29,30,30,30
1992:0:33636:29,30,30,29,29,30,29,29,30,29,30,30
1993:3:33990:29,30,30,29,30,29,30,29,29,30,29,30,29
1994:0:34373:30,30,30,29,30,29,30,29,29,30,29,30
1995:8:34728:29,30,30,29,30,30,29,30,29,30,29,29,30
1996:0:35112:29,30,29,30,30,29,30,29,30,30,29,30
1997:0:35467:29,29,30,29,30,29,30,30,29,30,30,29
1998:5:35821:30,29,29,30,29,29,30,30,29,30,30,30,29
1999:0:36205:30,29,29,30,29,29,30,29,30,30,30,29
2000:0:36559:30,30,29,29,30,29,29,30,29,30,30,29
2001:4:36913:30,30,30,29,29,30,29,29,30,29,30,29,30
2002:0:37297:30,30,29,30,29,30,29,29,30,29,30,29
2003:0:37651:30,30,29,30,30,29,30,29,29,30,29,30
2004:2:38006:29,30,29,30,30,29,30,29,30,29,30,29,30
2005:0:38390:29,30,29,30,29,30,30,29,30,30,29,29
2006:7:38744:30,29,30,29,30,29,30,29,30,30,29,30,30
2007:0:39129:29,29,30,29,29,30,29,30,30,30,29,30
2008:0:39483:30,29,29,30,29,29,30,29,30,30,29,30
2009:5:39837:30,30,29,29,30,29,29,30,29,30,29,30,30
2010:0:40221:30,29,30,29,30,29,29,30,29,30,29,30
2011:0:40575:30,29,30,30,29,30,29,29,30,29,30,29
2012:3:40929:30,29,30,30,30,29,30,29,29,30,29,30,29
2013:0:41313:30,29,30,30,29,30,29,30,29,30,29,30
2014:9:41668:29,30,29,30,29,30,29,30,30,29,30,29,30
2015:0:42052:29,30,29,29,30,29,30,30,30,29,30,29
2016:0:42406:30,29,30,29,29,30,29,30,30,29,30,30
2017:5:42761:29,30,29,30,29,29,30,29,30,29,30,30,30
2018:0:43145:29,30,29,30,29,29,30,29,30,29,30,30
2019:0:43499:30,29,30,29,30,29,29,30,29,30,29,30
2020:4:43853:30,29,30,30,29,30,29,29,30,29,30,29,30
2021:0:44237:29,30,30,29,30,29,30,29,30,29,30,29
2022:0:44591:30,29,30,29,30,30,29,30,29,30,29,30
2023:2:44946:29,30,29,30,29,30,29,30,30,29,30,29,30
2024:0:45330:29,30,29,29,30,29,30,30,29,30,30,29
2025:6:45684:30,29,30,29,29,30,29,30,29,30,30,30,29
2026:0:46068:30,29,30,29,29,30,29,30,29,30,30,30
2027:0:46423:29,30,29,30,29,29,30,29,29,30,30,30
2028:5:46777:29,30,30,29,30,29,29,30,29,29,30,30,29
2029:0:47160:30,30,29,30,30,29,29,30,29,29,30,30
2030:0:47515:29,30,29,30,30,29,30,29,30,29,30,29
2031:3:47869:30,29,30,29,30,29,30,30,29,30,29,30,29
2032:0:48253:30,29,29,30,29,30,30,29,30,30,29,30
2033:11:48608:29,30,29,29,30,29,30,29,30,30,30,29,30
2034:0:48992:29,30,29,29,30,29,30,29,30,30,30,29
2035:0:49346:30,29,30,29,29,30,29,29,30,30,29,30
2036:6:49700:30,30,29,30,29,29,30,29,29,30,30,29,30
2037:0:50084:30,30,29,30,29,29,30,29,29,30,29,30
2038:0:50438:30,30,29,30,29,30,29,30,29,29,30,29
2039:5:50792:30,30,29,30,30,29,30,29,30,29,30,29,29
2040:0:51176:30,29,30,30,29,30,30,29,30,29,30,29
2041:0:51531:30,29,29,30,29,30,30,29,30,30,29,30
2042:2:51886:29,30,29,29,30,29,30,29,30,30,29,30,30
2043:0:52270:29,30,29,29,30,29,29,30,30,29,30,30
2044:7:52624:30,29,30,29,29,30,29,29,30,29,30,30,30
2045:0:53008:30,29,30,29,29,30,29,29,30,29,30,30
2046:0:53362:30,29,30,30,29,29,30,29,29,30,29,30
2047:5:53716:30,29,30,30,29,30,29,30,29,29,30,29,30
2048:0:54100:29,30,30,29,30,30,29,30,29,30,29,29
2049:0:54454:30,29,30,29,30,30,29,30,30,29,30,29
2050:3:54809:30,29,29,30,29,30,29,30,30,29,30,18
